
================================================================================================
MENS   n=42,613   ATE ingenuo=+7.659 pp
================================================================================================
modelo                  QINI   p perm   GATES Q1..Q5 (pp)                                 Q5-Q1       p
------------------------------------------------------------------------------------------------
UDCF default         -204.40    1.000     11.95   10.24    7.37    5.92    2.84          -9.11   0.000
UDCF ip=0             -12.43    0.725      9.37    6.80    7.01    6.76    8.37          -1.00   0.368
Ablacao ip=0           -3.61    0.560      8.39    7.73    6.49    7.20    8.51          +0.12   0.914
Chi                    -6.85    0.610      9.67    5.98    6.89    7.10    8.57          -1.10   0.341
ED                     -7.08    0.613      8.72    7.97    6.43    6.07    8.92          +0.21   0.854
CTS                    35.21    0.055      7.06    7.54    6.80    7.74    9.12          +2.05   0.063
S-learner              -8.02    0.662      8.03    7.67    7.80    7.76    7.07          -0.97   0.384
T-learner               0.91    0.495      7.68    7.50    7.77    7.57    7.82          +0.14   0.899
MBCF                   -5.51    0.613      8.35    7.19    7.61    7.26    7.89          -0.47   0.676

================================================================================================
WOMENS   n=42,693   ATE ingenuo=+4.523 pp
================================================================================================
modelo                  QINI   p perm   GATES Q1..Q5 (pp)                                 Q5-Q1       p
------------------------------------------------------------------------------------------------
UDCF default         -160.75    1.000      8.16    6.13    4.45    3.99   -0.13          -8.29   0.000
UDCF ip=0             135.43    0.000      2.31    0.66    4.87    8.23    6.61          +4.30   0.000
Ablacao ip=0          144.03    0.000      2.26    1.56    3.56    8.69    6.45          +4.20   0.000
Chi                   147.75    0.000      2.06    0.65    5.25    7.97    6.60          +4.54   0.000
ED                    143.90    0.000      2.12    0.20    5.39    8.67    6.17          +4.05   0.000
CTS                   125.55    0.000      2.50    2.00    3.08    8.81    6.14          +3.64   0.000
S-learner             145.04    0.000      2.22    0.49    4.82    8.06    7.03          +4.80   0.000
T-learner             141.37    0.000      2.38    0.64    4.78    7.54    7.25          +4.86   0.000
MBCF                  142.51    0.000      2.24    1.15    4.41    8.00    6.72          +4.49   0.000
